
Epoch: 0- ROC-AUC: 0.972043 ; PR-AUC: 0.944102
Epoch: 1- ROC-AUC: 0.977528 ; PR-AUC: 0.973447
Epoch: 2- ROC-AUC: 0.983983 ; PR-AUC: 0.971479